102180242
[  2 153] [ 10 217] [ 22 278] [ 36 339] [ 57 394] [ 90 442] [136 478] [188 500] [251 505] [314 499] [370 478] [418 442] [453 393] [476 334] [488 269] [494 205] [496 140] [50 81] [78 53] [117  44] [159  49] [199  65] [280  63] [319  46] [361  41] [403  47] [437  71] [241 130] [242 170] [242 208] [242 248] [198 288] [220 292] [243 296] [266 292] [288 286] [ 98 145] [121 132] [151 132] [178 148] [150 155] [121 155] [307 145] [332 128] [361 127] [387 140] [362 149] [333 150] [161 369] [190 351] [220 340] [241 346] [262 340] [293 350] [325 368] [295 394] [264 405] [242 407] [218 405] [189 395] [175 370] [220 368] [242 370] [262 368] [311 369] [263 371] [242 373] [220 372]
102180243
[ -4 172] [ -3 231] [  2 290] [ 13 350] [ 34 405] [ 71 453] [118 489] [176 507] [242 508] [306 505] [361 485] [404 450] [435 401] [453 345] [462 288] [469 232] [472 177] [45 90] [78 60] [122  48] [166  52] [208  68] [281  67] [323  53] [366  50] [407  63] [433  98] [247 131] [248 171] [248 209] [249 248] [195 292] [221 295] [246 299] [271 296] [296 294] [ 92 147] [120 134] [150 134] [177 149] [149 153] [119 153] [308 149] [334 135] [363 136] [389 149] [364 154] [335 154] [144 376] [182 356] [220 343] [244 350] [268 344] [303 358] [339 378] [304 408] [269 423] [243 426] [216 423] [179 406] [157 377] [219 375] [243 378] [268 376] [326 380] [268 379] [244 382] [219 378]
102180244
[ 27 160] [ 31 215] [ 34 268] [ 40 323] [ 56 373] [ 88 412] [132 443] [183 465] [240 472] [297 465] [346 442] [387 411] [418 370] [433 319] [439 264] [445 208] [448 150] [ 65 110] [91 79] [131  69] [172  77] [209  94] [276  88] [312  69] [351  63] [390  74] [413 106] [244 139] [244 174] [245 209] [245 246] [198 274] [221 279] [244 284] [266 279] [289 275] [105 151] [129 139] [157 139] [183 156] [156 163] [127 163] [302 154] [327 137] [355 135] [377 147] [357 160] [328 160] [161 347] [191 331] [221 319] [243 325] [264 319] [291 330] [321 347] [292 366] [265 374] [242 376] [219 374] [190 367] [173 348] [221 343] [243 345] [264 343] [309 347] [264 345] [242 347] [220 345]
102180245
[ 19 137] [ 25 198] [ 35 257] [ 45 316] [ 65 371] [ 99 417] [143 455] [195 483] [253 488] [310 476] [354 443] [394 405] [423 358] [438 302] [445 244] [453 187] [457 125] [57 85] [83 55] [122  44] [163  48] [204  61] [286  57] [325  40] [366  34] [406  46] [432  79] [245 104] [246 142] [247 178] [249 216] [209 254] [229 257] [250 261] [269 256] [289 251] [111 117] [135 104] [161 103] [184 118] [160 122] [134 122] [307 115] [331 100] [356  99] [379 110] [357 117] [331 116] [169 335] [199 315] [229 302] [252 306] [272 299] [300 309] [327 326] [302 343] [276 353] [254 357] [230 357] [200 352] [182 334] [230 328] [252 329] [273 325] [315 325] [274 324] [253 329] [230 328]
102180246
[ 4 84] [ 11 154] [ 22 225] [ 33 292] [ 53 357] [ 87 418] [132 467] [188 501] [258 506] [326 502] [382 473] [428 428] [464 373] [488 311] [498 243] [505 172] [509 102] [60 61] [100  45] [143  46] [185  58] [226  77] [302  72] [342  56] [381  46] [420  44] [457  59] [263 128] [262 179] [261 228] [260 276] [211 294] [235 304] [259 313] [284 305] [307 295] [110 120] [139 106] [173 109] [198 134] [168 140] [135 138] [323 136] [349 111] [383 109] [408 125] [386 140] [354 142] [169 366] [200 354] [232 351] [258 361] [287 354] [320 359] [349 369] [320 395] [287 407] [257 409] [229 406] [198 392] [182 368] [231 374] [257 379] [287 377] [338 372] [286 377] [258 381] [231 375]
102180247
[ 33 133] [ 41 191] [ 48 246] [ 58 303] [ 79 355] [113 398] [155 434] [200 465] [252 472] [305 463] [350 432] [392 395] [425 350] [444 295] [452 236] [458 176] [464 115] [74 86] [99 62] [135  57] [171  65] [208  79] [279  76] [316  59] [353  49] [392  50] [421  74] [244 121] [244 156] [245 190] [245 225] [210 262] [229 266] [248 269] [266 264] [285 260] [123 132] [144 120] [169 118] [191 133] [168 138] [143 139] [303 129] [325 114] [350 114] [372 124] [351 133] [326 133] [184 343] [207 325] [231 314] [250 319] [267 313] [295 325] [323 341] [297 361] [270 372] [251 374] [231 372] [207 362] [197 342] [231 336] [250 339] [268 337] [311 342] [268 339] [250 340] [232 338]
102180248
[28 55] [ 33 128] [ 45 199] [ 58 271] [ 78 337] [111 397] [152 448] [196 488] [249 502] [302 491] [347 454] [389 405] [424 346] [446 279] [462 210] [475 139] [483  67] [69 54] [100  28] [139  21] [180  28] [218  46] [292  49] [330  34] [372  29] [410  36] [440  61] [252 108] [251 158] [250 206] [249 256] [199 285] [223 294] [248 301] [274 295] [299 288] [110 102] [137  90] [168  94] [193 118] [164 123] [133 121] [310 119] [335  98] [365  96] [393 108] [368 125] [337 127] [172 358] [200 347] [225 340] [246 347] [268 341] [293 349] [322 361] [293 384] [268 396] [246 398] [223 395] [199 383] [184 360] [224 360] [246 364] [268 360] [310 362] [268 363] [246 367] [225 363]
102180249
[ 38 161] [ 40 220] [ 43 277] [ 50 336] [ 66 390] [ 94 438] [131 476] [180 498] [245 504] [311 504] [364 485] [407 451] [440 406] [462 351] [477 292] [488 234] [494 174] [70 74] [95 44] [134  36] [173  42] [210  58] [319  59] [357  45] [399  43] [438  54] [463  86] [263 124] [261 166] [259 207] [256 249] [204 288] [229 294] [253 300] [280 297] [305 293] [112 131] [138 116] [168 118] [196 140] [165 142] [135 141] [334 143] [363 123] [394 123] [420 140] [395 149] [364 148] [162 374] [196 361] [229 352] [252 360] [275 354] [307 367] [339 382] [306 400] [273 407] [248 408] [224 405] [192 395] [175 376] [227 378] [251 382] [275 381] [326 383] [273 377] [250 377] [226 375]
102180250
[ -1 121] [  1 179] [ 10 240] [ 21 300] [ 41 356] [ 76 404] [121 442] [176 468] [237 474] [299 466] [349 439] [392 400] [422 352] [438 297] [450 239] [457 180] [459 124] [40 84] [75 65] [117  67] [158  80] [195  98] [261  97] [301  79] [342  64] [385  61] [419  81] [229 140] [231 179] [233 217] [236 257] [178 288] [205 293] [231 298] [257 293] [282 289] [ 82 137] [110 128] [139 130] [164 148] [137 150] [107 148] [293 149] [320 131] [349 129] [375 137] [353 148] [324 151] [127 348] [170 341] [205 336] [228 342] [253 336] [289 343] [329 349] [289 368] [254 376] [228 377] [204 375] [169 366] [143 351] [205 352] [228 355] [253 353] [315 352] [253 351] [228 353] [205 351]
102180251
[  0 149] [  4 209] [ 11 267] [ 18 326] [ 35 383] [ 66 435] [110 477] [165 502] [235 506] [305 504] [360 480] [401 439] [432 387] [449 329] [459 270] [469 211] [475 150] [41 95] [74 66] [120  60] [163  70] [206  85] [278  82] [322  67] [366  60] [410  66] [442  95] [240 137] [240 182] [240 225] [239 270] [190 297] [214 304] [240 310] [267 304] [292 297] [ 86 145] [113 128] [146 129] [175 152] [144 157] [110 156] [307 151] [334 128] [367 126] [394 144] [370 155] [337 156] [153 374] [183 352] [217 340] [244 347] [269 340] [302 354] [333 377] [304 402] [270 414] [243 416] [214 412] [181 399] [167 374] [216 371] [244 374] [269 372] [320 377] [269 377] [244 379] [216 375]
102180252
[ -6 169] [ -5 236] [  0 304] [  7 368] [ 29 428] [ 70 476] [132 499] [203 507] [275 506] [342 505] [402 493] [453 462] [488 413] [502 349] [506 280] [508 212] [507 147] [40 84] [75 54] [121  48] [168  54] [216  68] [303  56] [347  33] [394  20] [441  23] [476  49] [260 128] [261 168] [263 206] [264 245] [206 298] [236 303] [264 306] [293 301] [321 296] [ 91 145] [123 126] [160 125] [192 148] [159 157] [121 158] [329 138] [361 110] [396 108] [427 124] [401 139] [365 143] [176 407] [210 376] [244 356] [265 363] [287 355] [324 372] [362 398] [327 419] [293 428] [268 431] [245 431] [210 425] [189 404] [245 391] [265 391] [289 389] [347 397] [289 390] [266 393] [246 393]
102180253
[ 19 149] [ 24 208] [ 32 266] [ 41 324] [ 60 377] [ 91 423] [131 462] [178 494] [234 504] [289 495] [334 462] [368 420] [394 374] [412 323] [422 268] [432 214] [439 158] [ 51 105] [76 70] [120  61] [163  70] [204  88] [270  92] [312  76] [355  67] [397  75] [419 111] [241 138] [241 173] [241 208] [241 244] [190 274] [214 279] [238 286] [263 279] [286 274] [100 147] [125 133] [152 133] [175 151] [150 153] [122 153] [301 153] [324 137] [351 137] [373 152] [351 157] [324 156] [159 355] [188 334] [219 320] [240 326] [259 320] [289 334] [318 356] [290 380] [261 394] [239 396] [215 393] [186 380] [173 355] [218 350] [240 352] [260 350] [305 355] [260 355] [239 358] [217 354]
102180254
[ 23 142] [ 26 200] [ 33 261] [ 46 321] [ 69 374] [108 422] [156 460] [213 490] [274 498] [332 485] [377 450] [415 411] [444 366] [460 315] [466 258] [469 200] [465 145] [ 83 109] [112  83] [151  73] [191  78] [230  92] [296  92] [332  78] [369  72] [405  79] [431 103] [266 142] [269 179] [272 213] [275 248] [226 289] [249 293] [272 298] [294 292] [313 286] [123 148] [148 136] [177 138] [204 158] [175 161] [146 160] [319 156] [343 134] [371 130] [396 144] [375 155] [347 158] [182 357] [215 336] [248 326] [270 330] [290 323] [320 331] [350 351] [322 370] [294 380] [272 384] [249 383] [216 376] [194 356] [248 353] [271 353] [291 350] [339 350] [293 353] [272 356] [249 356]
102180255
[ 10 155] [ 13 214] [ 18 270] [ 26 328] [ 44 384] [ 76 432] [121 474] [175 500] [241 505] [306 500] [361 473] [409 433] [442 383] [461 325] [467 265] [471 206] [472 145] [ 47 111] [74 80] [115  72] [158  78] [200  93] [272  89] [312  71] [355  61] [397  68] [429  96] [235 138] [235 175] [235 210] [235 248] [193 288] [215 289] [238 292] [260 288] [284 284] [ 94 146] [119 132] [149 131] [174 150] [146 154] [117 154] [303 144] [327 125] [357 122] [383 134] [359 144] [330 146] [159 365] [190 351] [220 340] [240 344] [258 338] [290 347] [324 359] [292 382] [262 392] [242 394] [220 393] [191 383] [172 367] [220 362] [240 363] [259 361] [311 361] [260 364] [241 366] [220 365]
102180256
[ 22 148] [ 24 210] [ 32 274] [ 43 338] [ 65 396] [104 444] [157 479] [216 501] [279 505] [342 498] [397 473] [448 439] [484 391] [499 329] [501 263] [504 198] [503 134] [70 83] [101  58] [141  53] [181  61] [218  79] [309  71] [345  54] [384  45] [423  49] [452  72] [266 135] [266 177] [267 219] [267 261] [220 299] [244 301] [269 304] [294 300] [320 296] [122 137] [148 126] [178 127] [204 148] [176 151] [146 149] [330 145] [353 123] [381 119] [408 129] [386 143] [357 147] [181 373] [215 356] [246 344] [271 352] [296 344] [328 353] [364 368] [331 386] [299 396] [273 398] [247 396] [215 390] [194 372] [246 370] [272 372] [297 369] [352 369] [297 367] [272 370] [247 368]
102180257
[ 14 139] [ 16 197] [ 24 254] [ 37 311] [ 59 365] [ 95 412] [141 451] [192 480] [249 489] [309 482] [359 453] [406 415] [443 369] [466 316] [480 258] [490 197] [494 138] [57 69] [85 40] [126  32] [167  38] [205  56] [302  56] [339  38] [381  31] [422  38] [451  66] [254 116] [254 160] [253 201] [252 243] [203 276] [228 282] [252 287] [277 282] [300 276] [105 123] [130 106] [161 107] [189 130] [160 135] [128 134] [317 130] [346 109] [377 108] [402 124] [378 135] [346 135] [164 347] [199 333] [230 324] [253 328] [273 322] [304 331] [338 344] [303 367] [274 376] [252 379] [228 377] [198 369] [178 347] [230 344] [253 346] [274 343] [324 345] [273 345] [252 347] [230 346]
102180258
[ -7 140] [ -5 206] [ -1 271] [  8 336] [ 29 395] [ 66 444] [115 484] [171 506] [239 510] [306 507] [366 491] [417 458] [456 411] [478 352] [490 289] [498 225] [503 159] [ 33 100] [67 67] [116  56] [164  58] [210  73] [289  71] [338  61] [386  64] [432  80] [463 115] [248 134] [247 178] [246 222] [245 266] [187 289] [214 297] [243 306] [273 300] [302 295] [ 89 142] [119 131] [151 132] [180 149] [148 152] [116 151] [314 154] [344 138] [376 139] [406 152] [377 159] [345 159] [140 367] [176 348] [217 340] [247 349] [276 342] [317 353] [357 370] [318 420] [275 439] [244 441] [212 436] [172 415] [151 370] [216 359] [246 364] [276 361] [346 373] [276 404] [245 406] [214 402]
102180259
[ 12 102] [ 20 171] [ 33 237] [ 47 300] [ 71 358] [108 406] [155 444] [205 473] [262 480] [315 466] [356 432] [394 390] [420 339] [437 280] [444 218] [450 154] [448  88] [49 50] [83 28] [123  26] [163  32] [199  50] [276  51] [310  31] [346  20] [384  19] [416  40] [241  97] [244 137] [247 178] [251 219] [204 254] [226 259] [251 263] [273 256] [294 248] [ 96 104] [121  90] [149  90] [176 110] [148 115] [120 115] [301 108] [326  88] [353  86] [378  96] [355 108] [328 110] [170 344] [201 321] [233 305] [255 311] [275 302] [305 314] [332 333] [310 367] [282 381] [260 386] [236 385] [203 372] [185 343] [234 334] [256 334] [276 330] [319 334] [279 342] [259 345] [236 344]
102180260
[ 46 133] [ 49 195] [ 57 254] [ 65 314] [ 85 370] [118 415] [163 451] [212 481] [269 489] [326 483] [378 456] [427 423] [465 379] [487 325] [496 266] [500 208] [502 147] [76 93] [106  60] [154  52] [200  62] [242  82] [307  82] [348  63] [391  58] [434  72] [462 102] [271 134] [271 173] [270 212] [269 250] [222 281] [245 289] [268 295] [292 290] [315 285] [125 133] [151 119] [183 121] [208 144] [180 147] [149 145] [334 149] [361 128] [391 128] [414 144] [392 153] [362 153] [186 358] [215 340] [247 332] [269 339] [293 333] [325 345] [353 364] [325 390] [293 402] [266 404] [242 401] [212 387] [200 359] [246 362] [268 364] [293 363] [340 364] [292 364] [267 367] [244 363]
102180261
[ 20 149] [ 20 201] [ 25 255] [ 35 308] [ 54 357] [ 84 402] [125 438] [176 466] [233 474] [289 463] [340 437] [385 404] [419 363] [443 315] [456 263] [464 208] [470 155] [63 96] [86 69] [122  62] [159  73] [190  91] [268  91] [305  74] [344  64] [383  73] [407 101] [231 133] [229 165] [227 195] [225 227] [183 262] [205 267] [227 271] [249 267] [272 264] [102 142] [123 129] [150 131] [172 148] [149 154] [121 154] [290 149] [313 132] [340 133] [361 146] [342 156] [315 156] [156 348] [181 324] [207 309] [226 316] [247 310] [276 324] [305 345] [277 363] [250 372] [227 374] [206 372] [180 365] [169 345] [207 337] [226 338] [248 336] [290 344] [248 341] [226 343] [207 341]
102180262
[ -7 181] [ -8 242] [ -4 301] [  4 358] [ 25 411] [ 60 458] [111 489] [171 502] [241 504] [310 497] [364 475] [412 441] [447 392] [472 337] [488 277] [498 214] [503 152] [18 99] [52 66] [100  56] [151  59] [198  76] [262  71] [313  51] [366  44] [416  50] [455  81] [234 105] [237 138] [239 168] [242 201] [187 251] [214 255] [240 257] [267 253] [293 247] [ 77 133] [101 120] [131 113] [163 119] [134 129] [104 135] [303 113] [333 104] [362 108] [387 120] [360 124] [331 121] [156 349] [185 319] [217 302] [239 309] [259 301] [289 314] [319 344] [289 355] [261 360] [237 361] [213 361] [184 359] [168 344] [215 329] [238 331] [260 328] [305 339] [259 329] [237 332] [215 330]
102180263
[ 37 153] [ 45 213] [ 55 273] [ 68 331] [ 91 384] [125 429] [171 465] [220 493] [276 502] [332 493] [382 465] [429 429] [465 383] [488 327] [498 266] [502 206] [504 145] [ 79 107] [110  82] [152  82] [193  92] [232 108] [305 107] [343  92] [384  83] [426  84] [459 104] [270 153] [272 185] [274 218] [275 252] [233 288] [254 292] [276 296] [296 292] [317 287] [127 158] [151 143] [181 144] [205 166] [178 172] [149 171] [337 163] [361 141] [390 140] [417 153] [394 166] [364 168] [194 364] [226 351] [256 342] [276 347] [297 341] [326 350] [356 363] [328 388] [299 398] [276 400] [254 399] [225 389] [208 365] [256 365] [276 367] [298 365] [343 364] [297 367] [276 369] [255 368]
102180264
[  3 151] [ 10 210] [ 24 267] [ 39 326] [ 60 380] [ 93 430] [137 471] [189 499] [249 505] [308 497] [358 467] [397 425] [427 375] [446 321] [457 263] [466 204] [469 145] [ 44 104] [75 82] [116  84] [155  94] [194 108] [272 105] [310  86] [352  75] [394  73] [427  96] [237 155] [237 191] [238 227] [238 264] [193 298] [216 302] [239 306] [261 302] [284 298] [ 88 166] [114 156] [141 157] [168 173] [139 176] [111 175] [304 169] [329 152] [357 150] [386 159] [361 169] [332 171] [158 373] [187 353] [217 341] [238 346] [258 341] [289 353] [322 370] [292 396] [263 409] [241 411] [218 408] [188 394] [171 373] [217 371] [240 373] [260 371] [309 372] [260 375] [240 377] [218 374]
102180265
[ -8 140] [ -8 202] [ -3 266] [  2 329] [ 19 386] [ 52 437] [ 98 477] [154 500] [221 505] [291 503] [355 487] [409 452] [449 404] [472 345] [485 283] [496 220] [501 157] [28 92] [62 66] [107  63] [153  73] [193  93] [268  96] [315  82] [362  78] [408  86] [442 113] [230 157] [227 202] [225 246] [222 290] [172 316] [197 324] [222 330] [248 325] [273 320] [ 79 148] [107 134] [139 138] [164 163] [135 165] [102 162] [297 171] [325 148] [358 147] [385 163] [361 175] [328 176] [142 389] [173 371] [204 361] [223 367] [247 361] [279 374] [310 392] [280 419] [247 431] [222 432] [199 429] [170 417] [157 390] [203 387] [222 388] [246 388] [295 393] [246 397] [223 399] [202 396]
102180266
[ -4 123] [  2 191] [ 12 254] [ 24 320] [ 48 381] [ 84 434] [133 475] [187 499] [250 506] [315 499] [372 474] [426 434] [464 380] [489 319] [502 255] [509 191] [513 125] [40 82] [77 51] [128  40] [181  45] [232  60] [280  58] [326  42] [375  39] [424  48] [463  74] [254 109] [253 151] [252 193] [252 236] [202 277] [227 284] [252 289] [277 283] [302 276] [ 92 129] [122 116] [154 112] [187 128] [156 136] [122 138] [319 125] [353 109] [385 113] [413 126] [384 136] [350 133] [176 360] [206 346] [235 334] [254 340] [272 333] [297 342] [328 353] [298 371] [273 382] [253 386] [233 385] [207 377] [190 358] [234 355] [254 357] [273 354] [315 353] [273 354] [253 358] [234 356]
102180267
[ 10 132] [ 19 196] [ 33 259] [ 49 318] [ 73 372] [105 424] [148 467] [198 498] [258 503] [316 492] [359 455] [393 408] [420 355] [437 299] [445 239] [451 176] [452 116] [50 92] [80 61] [125  50] [171  54] [213  68] [274  72] [311  54] [355  43] [399  48] [429  76] [248 113] [250 158] [253 203] [255 249] [207 281] [232 285] [258 292] [280 285] [301 278] [100 127] [124 113] [155 111] [182 130] [154 137] [123 139] [306 127] [334 106] [366 103] [391 116] [368 130] [336 131] [154 353] [194 345] [230 339] [256 345] [276 337] [310 345] [342 353] [310 381] [280 391] [257 394] [230 391] [194 379] [167 353] [230 360] [257 364] [278 361] [329 355] [278 364] [256 367] [230 364]
102180268
[ -8 185] [ -4 248] [  2 310] [ 12 369] [ 32 424] [ 69 471] [124 496] [190 505] [261 504] [330 504] [394 491] [448 464] [484 415] [497 354] [501 287] [503 220] [502 155] [ 19 106] [49 71] [93 56] [141  54] [186  72] [284  65] [328  40] [377  34] [426  44] [463  74] [241 139] [245 185] [249 228] [253 273] [199 316] [226 321] [252 324] [278 318] [303 312] [ 77 161] [106 142] [142 140] [171 162] [140 170] [105 171] [317 152] [349 128] [385 125] [415 141] [389 154] [353 157] [158 420] [191 393] [225 375] [250 383] [275 372] [310 388] [345 410] [315 435] [281 447] [253 450] [227 449] [191 440] [172 418] [226 410] [251 411] [276 408] [330 410] [277 400] [251 403] [227 402]
102180269
[ 22 137] [ 27 198] [ 37 257] [ 47 317] [ 64 374] [ 89 430] [128 473] [178 501] [241 506] [305 501] [356 476] [395 434] [421 381] [439 324] [452 263] [463 201] [468 140] [54 88] [82 62] [122  60] [160  71] [197  87] [287  83] [326  68] [366  59] [406  63] [434  90] [244 138] [245 177] [245 216] [245 256] [201 292] [223 296] [245 300] [267 297] [288 293] [100 138] [124 120] [154 122] [181 147] [152 154] [120 153] [306 149] [331 126] [362 125] [387 142] [364 157] [333 157] [171 379] [196 360] [223 349] [244 356] [264 350] [289 362] [313 381] [289 402] [263 413] [241 414] [219 411] [193 400] [183 379] [222 374] [243 377] [263 375] [301 380] [262 380] [242 382] [221 379]
102180270
[ 41 181] [ 44 238] [ 50 295] [ 54 352] [ 69 408] [102 454] [152 486] [212 503] [278 505] [343 502] [398 485] [443 451] [473 406] [487 352] [494 297] [499 243] [502 187] [ 84 111] [114  78] [158  69] [202  76] [244  95] [318  93] [358  72] [401  66] [443  77] [469 111] [283 151] [284 190] [285 228] [286 267] [232 303] [258 309] [283 315] [308 309] [331 303] [137 161] [163 146] [193 148] [218 168] [191 171] [161 170] [340 169] [366 148] [396 147] [420 162] [398 171] [368 173] [180 371] [219 354] [257 346] [283 354] [311 346] [345 356] [378 372] [346 400] [312 413] [282 416] [253 413] [216 400] [195 372] [255 375] [283 378] [311 375] [364 374] [311 377] [282 380] [255 378]
102180271
[  0 185] [ -1 238] [  5 293] [ 13 346] [ 30 396] [ 61 443] [104 478] [160 501] [227 505] [293 500] [347 480] [390 448] [424 404] [446 353] [459 299] [465 244] [466 191] [ 50 112] [77 84] [117  78] [159  87] [195 104] [271 103] [308  84] [348  75] [389  82] [414 109] [234 157] [234 192] [235 225] [236 259] [181 295] [206 301] [230 306] [256 301] [280 295] [101 167] [125 157] [152 159] [175 174] [151 177] [122 176] [291 174] [319 158] [345 158] [367 168] [347 176] [320 178] [144 373] [179 350] [208 340] [227 345] [250 340] [279 351] [310 371] [279 386] [250 393] [226 395] [205 394] [177 387] [157 371] [207 361] [226 363] [249 361] [297 370] [249 364] [226 366] [207 365]
102180272
[-11 145] [ -6 206] [  4 266] [ 21 324] [ 48 375] [ 87 418] [135 453] [190 478] [253 483] [312 471] [362 441] [406 403] [439 357] [460 302] [472 242] [479 182] [480 122] [25 84] [58 61] [101  56] [144  62] [182  77] [272  73] [310  57] [351  47] [395  50] [429  69] [231 128] [233 167] [236 205] [239 245] [186 277] [213 282] [239 284] [264 280] [287 275] [ 81 134] [109 121] [139 123] [165 144] [138 147] [107 146] [295 139] [319 116] [349 114] [377 124] [354 136] [325 140] [152 352] [189 338] [219 330] [240 335] [263 329] [293 336] [330 344] [295 366] [266 375] [242 378] [220 377] [189 371] [167 353] [220 350] [240 351] [264 349] [315 347] [263 346] [240 349] [220 348]
102180273
[ 43 151] [ 51 206] [ 63 258] [ 75 310] [ 96 360] [129 401] [176 431] [225 454] [277 464] [328 457] [375 434] [420 404] [452 362] [472 312] [480 255] [484 198] [483 141] [76 96] [103  72] [139  64] [177  70] [212  87] [289  84] [325  68] [364  63] [402  71] [432  94] [255 132] [256 161] [258 190] [259 220] [220 259] [241 262] [261 266] [280 262] [300 258] [119 140] [143 125] [171 125] [197 145] [171 150] [142 150] [315 146] [340 126] [369 125] [395 140] [371 150] [342 150] [187 330] [216 307] [244 294] [264 298] [285 293] [316 305] [348 327] [319 346] [290 353] [268 354] [246 353] [218 347] [199 328] [244 320] [265 320] [287 319] [335 326] [288 320] [266 321] [245 320]
102180274
[  3 133] [  1 198] [  4 262] [ 11 327] [ 28 387] [ 61 441] [105 484] [160 508] [224 515] [288 514] [347 498] [395 466] [431 419] [453 365] [466 304] [478 244] [485 183] [ 67 103] [99 77] [143  68] [185  76] [223  97] [312 105] [352  95] [393  98] [430 113] [451 147] [264 164] [262 212] [260 258] [257 305] [202 326] [226 334] [251 343] [276 338] [301 332] [115 151] [142 141] [173 145] [195 167] [167 168] [137 163] [324 178] [349 162] [378 164] [401 179] [378 186] [349 184] [155 393] [190 382] [226 374] [249 383] [272 378] [304 391] [334 407] [303 436] [269 450] [244 452] [217 446] [184 426] [168 397] [223 403] [247 408] [271 407] [322 409] [271 410] [247 411] [222 405]
102180275
[ 19 144] [ 25 205] [ 36 265] [ 51 324] [ 74 381] [109 431] [156 471] [210 498] [269 505] [327 495] [380 468] [425 431] [457 384] [476 328] [485 271] [491 214] [495 156] [66 88] [101  67] [143  63] [185  69] [223  86] [294  90] [332  77] [374  74] [415  78] [448 101] [259 140] [258 174] [257 207] [257 241] [217 278] [238 283] [259 285] [280 282] [302 279] [116 138] [143 125] [173 127] [198 150] [170 155] [139 152] [320 154] [343 133] [373 133] [400 147] [376 159] [346 160] [185 360] [215 335] [244 321] [267 328] [288 321] [316 334] [343 358] [318 378] [291 389] [268 392] [244 390] [215 381] [199 359] [244 351] [267 352] [288 350] [329 356] [289 354] [268 356] [245 354]
102180276
[ 31 133] [ 36 191] [ 46 247] [ 59 301] [ 80 350] [108 396] [141 436] [182 466] [229 477] [276 470] [316 444] [347 404] [373 357] [393 308] [409 253] [425 195] [433 137] [ 67 100] [98 81] [138  86] [174 101] [210 118] [267 121] [303 104] [340  90] [380  87] [409 108] [241 151] [241 188] [241 226] [241 264] [196 282] [216 290] [237 297] [258 292] [279 287] [107 147] [130 135] [157 136] [180 157] [154 159] [127 158] [295 161] [317 142] [345 141] [367 154] [347 165] [319 165] [167 347] [189 330] [214 323] [236 330] [258 325] [284 336] [308 351] [285 375] [259 386] [237 388] [213 384] [189 370] [180 346] [213 345] [236 349] [258 348] [296 350] [258 351] [237 353] [214 349]
102180277
[-10 109] [ -6 176] [ -1 244] [ 13 307] [ 34 368] [ 70 425] [117 471] [174 500] [247 504] [319 498] [375 466] [420 420] [457 363] [477 299] [488 234] [499 167] [505  99] [33 73] [66 47] [109  39] [155  41] [203  56] [302  60] [345  44] [389  42] [431  50] [464  74] [250 126] [249 174] [249 218] [249 262] [194 294] [221 301] [249 307] [277 299] [305 291] [ 90 131] [119 119] [154 120] [182 139] [151 146] [116 145] [317 139] [346 119] [378 117] [406 129] [382 142] [348 143] [170 370] [200 350] [232 339] [255 346] [280 338] [314 347] [346 364] [316 394] [281 410] [254 411] [229 410] [197 395] [184 371] [230 370] [254 371] [280 369] [333 367] [280 371] [254 374] [230 371]
102180278
[ 44 160] [ 47 221] [ 54 282] [ 63 343] [ 83 400] [116 448] [161 484] [216 504] [280 507] [342 502] [389 480] [428 442] [457 392] [475 334] [486 273] [493 214] [495 153] [90 99] [122  75] [164  76] [203  91] [239 108] [306 101] [342  83] [380  71] [420  71] [451  94] [277 143] [277 179] [278 214] [278 251] [234 288] [257 292] [278 294] [299 292] [320 288] [143 153] [167 143] [193 144] [216 158] [192 162] [165 162] [335 156] [358 141] [383 140] [406 150] [386 158] [361 159] [203 372] [229 347] [257 335] [278 341] [301 335] [327 348] [351 372] [327 386] [302 391] [278 392] [256 392] [228 387] [214 370] [257 361] [279 362] [302 361] [340 371] [301 362] [278 362] [257 361]
102180279
[ 26 158] [ 30 219] [ 38 279] [ 45 338] [ 61 392] [ 92 438] [133 477] [182 502] [246 506] [311 504] [366 483] [412 449] [447 404] [467 350] [475 291] [483 232] [488 171] [ 60 121] [88 87] [134  78] [179  85] [223 102] [282 102] [329  87] [376  82] [421  93] [450 127] [252 148] [251 189] [250 229] [249 269] [206 298] [227 305] [248 311] [271 306] [293 301] [110 156] [136 142] [166 143] [191 162] [163 165] [134 164] [315 164] [341 148] [370 148] [394 164] [370 171] [342 170] [169 376] [198 361] [226 353] [247 359] [269 354] [297 363] [325 380] [297 396] [268 403] [245 404] [222 402] [195 396] [181 376] [225 373] [246 375] [269 373] [314 379] [268 375] [246 377] [224 374]
102180280
[ 37 127] [ 40 187] [ 46 245] [ 55 304] [ 72 361] [105 412] [146 453] [194 486] [255 499] [319 496] [371 465] [418 425] [455 379] [477 326] [493 269] [501 213] [508 155] [74 97] [111  76] [157  78] [199  94] [238 114] [324 112] [365  96] [407  87] [450  93] [481 121] [278 163] [276 201] [273 237] [271 275] [215 302] [242 308] [270 314] [298 309] [325 306] [121 148] [151 137] [182 143] [207 166] [177 166] [146 161] [344 171] [371 150] [402 150] [428 163] [404 174] [373 176] [168 364] [208 352] [245 344] [267 351] [294 345] [326 357] [358 376] [323 396] [289 410] [262 412] [236 407] [203 389] [181 366] [242 371] [266 375] [292 372] [345 375] [291 377] [264 379] [241 374]
102180281
[ 31 155] [ 33 213] [ 41 270] [ 50 329] [ 67 386] [ 96 437] [140 476] [193 500] [258 505] [323 500] [376 476] [418 436] [449 385] [466 326] [478 265] [490 203] [496 141] [ 66 104] [95 75] [135  64] [176  68] [215  81] [273  68] [315  53] [360  51] [402  61] [435  88] [251 130] [251 167] [251 202] [251 239] [209 276] [232 281] [255 285] [278 279] [300 273] [110 147] [135 132] [163 132] [189 150] [162 153] [134 152] [313 144] [339 125] [368 124] [395 137] [369 145] [341 146] [167 355] [195 327] [229 313] [254 318] [280 313] [316 326] [352 353] [319 388] [284 404] [255 408] [227 405] [195 391] [179 357] [229 340] [254 341] [280 339] [340 354] [282 371] [255 373] [228 372]
